FrameName: spider
Transform: 0 0 0 0 0 0 0 0 0 1 1 1 1 1 1 1 
TransformMatrix: 1 0 0 0 0 1 0 0 0 0 1 0 0 0 0 1 
1 0 0 0 0 1 0 0 0 0 1 0 0 0 0 1 
Child: 2

           FrameName: mesh
           Transform: 0 0 0 0 0 0 0 0 0 1 1 1 1 1 1 1 
           TransformMatrix: 1 0 0 0 0 1 0 0 0 0 1 0 0 0 0 1 
           1 0 0 0 0 1 0 0 0 0 1 0 0 0 0 1 
           Vertices: 931
2.548786 0.01137767 -1.115128 2.558007 0.01174983 -1.093894 2.525732 0.01151652 -1.10354 2.558007 0.01174983 -1.093894 2.535508 0.01194209 -1.081966 1.033438 1.540695 -0.02127426 0.3097607 0.7059454 0.260159 1.07533 1.550162 0.0808562 0.3698654 0.6764261 0.3761242 1.07533 1.550162 0.0808562 1.07533 1.550162 0.0808562 0.3698654 0.6764261 0.3761242 1.106187 1.406621 0.06141755 0.4818839 0.6727387 0.3269938 1.922034 1.266329 -0.4401924 1.864723 1.156883 -0.4050424 2.46666 0.4796695 -0.933778 2.399162 0.4209849 -0.8979939 2.399162 0.4209849 -0.8979939 2.558007 0.01174983 -1.093894 0.4818839 0.6727387 0.3269938 0.4281839 0.7038109 0.2257469 1.106187 1.406621 0.06141755 1.084056 1.400974 -0.05523406 1.084056 1.400974 -0.05523406 0.4281839 0.7038109 0.2257469 1.033438 1.540695 -0.02127426 0.3097607 0.7059454 0.260159 1.888441 1.26187 -0.5263826 1.82913 1.151612 -0.4927043 2.438995 0.4785531 -0.9974808 2.369831 0.4197082 -0.9627156 2.548786 0.01137767 -1.115128 2.525732 0.01151652 -1.10354 1.888441 1.26187 -0.5263826 1.033438 1.540695 -0.02127426 1.922034 1.266329 -0.4401924 1.07533 1.550162 0.0808562 1.922034 1.266329 -0.4401924 1.106187 1.406621 0.06141755 1.084056 1.400974 -0.05523406 1.864723 1.156883 -0.4050424 1.82913 1.151612 -0.4927043 1.864723 1.156883 -0.4050424 2.438995 0.4785531 -0.9974808 1.888441 1.26187 -0.5263826 2.46666 0.4796695 -0.933778 1.922034 1.266329 -0.4401924 2.558007 0.01174983 -1.093894 2.548786 0.01137767 -1.115128 2.438995 0.4785531 -0.9974808 1.864723 1.156883 -0.4050424 1.82913 1.151612 -0.4927043 2.399162 0.4209849 -0.8979939 2.369831 0.4197082 -0.9627156 2.399162 0.4209849 -0.8979939 2.535508 0.01194209 -1.081966 2.525732 0.01151652 -1.10354 2.399162 0.4209849 -0.8979939 2.535508 0.01194209 -1.081966 2.558007 0.01174983 -1.093894 2.978775 0.004946217 -0.1278401 2.980239 0.005318379 -0.1047365 2.953156 0.005085072 -0.1247681 2.955026 0.00551064 -0.1011562 1.258597 1.475372 0.245899 0.3870223 0.6409169 0.4125423 1.263324 1.48484 0.3561863 0.4267587 0.614908 0.5364143 0.4267587 0.614908 0.5364143 0.5511397 0.6150027 0.5158855 1.263324 1.48484 0.3561863 1.298947 1.341299 0.3483797 2.235394 1.201007 0.160765 2.169554 1.091561 0.1743674 2.867898 0.414347 -0.02742597 2.79226 0.3556625 -0.016686 2.980239 0.005318379 -0.1047365 2.955026 0.00551064 -0.1011562 0.5511397 0.6150027 0.5158855 0.5290812 0.6441174 0.380768 1.298947 1.341299 0.3483797 1.317739 1.335652 0.2311436 1.317739 1.335652 0.2311436 0.5290812 0.6441174 0.380768 1.258597 1.475372 0.245899 0.3870223 0.6409169 0.4125423 2.233063 1.196548 0.06828918 2.165841 1.086289 0.0798281 2.863506 0.4132307 -0.0967375 2.786647 0.3543858 -0.08752165 2.978775 0.004946217 -0.1278401 2.953156 0.005085072 -0.1247681 2.233063 1.196548 0.06828918 1.258597 1.475372 0.245899 2.235394 1.201007 0.160765 1.263324 1.48484 0.3561863 1.298947 1.341299 0.3483797 1.317739 1.335652 0.2311436 2.169554 1.091561 0.1743674 2.165841 1.086289 0.0798281 2.863506 0.4132307 -0.0967375 2.233063 1.196548 0.06828918 2.867898 0.414347 -0.02742597 2.235394 1.201007 0.160765 2.980239 0.005318379 -0.1047365 2.978775 0.004946217 -0.1278401 2.169554 1.091561 0.1743674 2.165841 1.086289 0.0798281 2.79226 0.3556625 -0.016686 2.786647 0.3543858 -0.08752165 2.955026 0.00551064 -0.1011562 2.953156 0.005085072 -0.1247681 2.955663 0.004946217 1.516348 2.944836 0.005318379 1.53681 2.932216 0.005085072 1.505576 2.92147 0.00551064 1.526684 1.331149 1.475372 0.8749916 0.4508659 0.6140758 0.6397644 1.277537 1.48484 0.9714866 0.4370451 0.6000095 0.7460316 0.4370451 0.6000095 0.7460316 0.5556713 0.6108773 0.7906671 1.277537 1.48484 0.9714866 1.311988 1.341299 0.9834501 2.210354 1.201007 1.309765 2.147113 1.091561 1.28695 2.82702 0.414347 1.514046 2.756922 0.3556625 1.48367 2.944836 0.005318379 1.53681 2.92147 0.00551064 1.526684 0.5556713 0.6108773 0.7906671 0.5991657 0.6101795 0.6710121 1.311988 1.341299 0.9834501 1.389282 1.335652 0.8933226 1.389282 1.335652 0.8933226 0.5991657 0.6101795 0.6710121 1.331149 1.475372 0.8749916 0.4508659 0.6140758 0.6397644 2.256699 1.196548 1.229707 2.193358 1.086289 1.20441 2.859502 0.4132307 1.45266 2.789159 0.3543858 1.420346 2.955663 0.004946217 1.516348 2.932216 0.005085072 1.505576 2.256699 1.196548 1.229707 1.331149 1.475372 0.8749916 2.210354 1.201007 1.309765 1.277537 1.48484 0.9714866 1.311988 1.341299 0.9834501 1.389282 1.335652 0.8933226 2.147113 1.091561 1.28695 2.193358 1.086289 1.20441 2.859502 0.4132307 1.45266 2.256699 1.196548 1.229707 2.82702 0.414347 1.514046 2.210354 1.201007 1.309765 2.944836 0.005318379 1.53681 2.955663 0.004946217 1.516348 2.147113 1.091561 1.28695 2.193358 1.086289 1.20441 2.756922 0.3556625 1.48367 2.789159 0.3543858 1.420346 2.92147 0.00551064 1.526684 2.932216 0.005085072 1.505576 3.956698E-05 0.5187711 0.8083341 3.956698E-05 0.5300975 0.6238714 0.1914712 0.5302172 0.8063313 0.1914712 0.5415435 0.6218686 3.956698E-05 0.5615063 0.6007065 0.1927461 0.6197343 0.6007065 3.956698E-05 0.5501799 0.8360304 0.1927461 0.6084079 0.8360304 0.4370451 0.6000095 0.7460316 0.4508659 0.6140758 0.6397644 0.1927461 0.6197343 0.6007065 0.4533442 0.5279639 0.7665111 0.4533442 0.534995 0.6616462 0.4508659 0.6140758 0.6397644 0.1927461 0.6197343 0.6007065 0.5372145 0.5497733 0.7663948 0.5556713 0.6108773 0.7906671 0.5991657 0.6101795 0.6710121 0.5372145 0.5568044 0.66153 0.1927461 0.6084079 0.8360304 0.1885283 0.529339 0.8692558 3.956698E-05 0.5178613 0.8707697 0.1885283 0.5185521 1.020043 3.956698E-05 0.5070745 1.021557 3.956698E-05 0.5393931 1.060144 0.1927461 0.597621 1.060144 0.4529803 0.513477 0.8972582 0.4529803 0.5060129 0.9903021 0.4572377 0.5858621 1.016843 0.4572377 0.5917168 0.8784379 0.5377177 0.5259587 0.9898849 0.4572377 0.5858621 1.016843 0.5921948 0.5786136 1.016426 0.5921948 0.5844684 0.8780208 0.5377177 0.5334227 0.8968411 0.1927461 0.597621 1.060144 0.4572377 0.5858621 1.016843 0.4572377 0.5858621 1.016843 0.9766743 1.351386 1.576009 1.108582 1.320365 1.568233 0.1855395 0.5571337 0.5526035 3.956698E-05 0.5422249 0.5637837 0.1627926 0.5733273 0.4714526 3.956698E-05 0.5711116 0.4412139 0.1927461 0.6197343 0.6007065 0.1433072 0.6498886 0.4528116 0.4186488 0.5695675 0.5004279 0.1927461 0.6197343 0.6007065 0.4267587 0.614908 0.5364143 0.4055828 0.5820552 0.4158385 0.4945628 0.5782871 0.483899 0.5511397 0.6150027 0.5158855 0.5290812 0.6441174 0.380768 0.4814968 0.5907749 0.3993096 0.3870223 0.6409169 0.4125423 0.1433072 0.6498886 0.4528116 3.95535E-05 0.5986465 0.4168169 0.1559024 0.5900918 0.4032499 3.956698E-05 0.5733897 0.3880972 0.09377956 0.6199319 0.266718 3.956698E-05 0.6181535 0.1962147 0.08063232 0.688116 0.2653215 0.3698654 0.6764261 0.3761242 0.3582994 0.6025156 0.3401656 0.3360183 0.6323557 0.2488606 0.3097607 0.7059454 0.260159 0.4513984 0.6255478 0.3051248 0.4173149 0.6471027 0.234765 0.4281839 0.7038109 0.2257469 0.4818839 0.6727387 0.3269938 0.4281839 0.7038109 0.2257469 0.3698654 0.6764261 0.3761242 3.956698E-05 0.6457301 0.1836955 0.08063232 0.688116 0.2653215 0.3097607 0.7059454 0.260159 0.1433072 0.6498886 0.4528116 0.08063232 0.688116 0.2653215 0.1927461 0.6084079 0.8360304 0.1927461 0.597621 1.060144 0.4572377 0.5917168 0.8784379 0.1927461 0.597621 1.060144 0.4572377 0.5858621 1.016843 0.1927461 0.6197343 0.6007065 0.4267587 0.614908 0.5364143 0.1433072 0.6498886 0.4528116 0.3870223 0.6409169 0.4125423 1.942667 0.001068387 3.139375 1.920059 0.001440549 3.144356 1.935712 0.001207242 3.114527 1.912664 0.00163281 3.119988 1.108037 1.462037 1.511966 0.5921948 0.5844684 0.8780208 1.00506 1.466087 1.54012 0.4572377 0.5917168 0.8784379 1.00506 1.466087 1.54012 0.4572377 0.5917168 0.8784379 0.9766743 1.351386 1.576009 0.4572377 0.5858621 1.016843 1.506515 1.197129 2.361148 1.456453 1.087683 2.316273 1.874264 0.4104692 3.044316 1.832986 0.3517846 2.980031 1.920059 0.001440549 3.144356 1.912664 0.00163281 3.119988 0.5921948 0.5786136 1.016426 0.5921948 0.5844684 0.8780208 1.108582 1.320365 1.568233 1.108037 1.462037 1.511966 1.579511 1.19267 2.304325 1.530286 1.082411 2.257112 1.935443 0.4093529 3.011445 1.895042 0.3505079 2.945414 1.942667 0.001068387 3.139375 1.935712 0.001207242 3.114527 1.579511 1.19267 2.304325 1.108037 1.462037 1.511966 1.506515 1.197129 2.361148 1.00506 1.466087 1.54012 0.9766743 1.351386 1.576009 1.108582 1.320365 1.568233 1.456453 1.087683 2.316273 1.530286 1.082411 2.257112 1.579511 1.19267 2.304325 1.506515 1.197129 2.361148 1.935443 0.4093529 3.011445 1.874264 0.4104692 3.044316 1.942667 0.001068387 3.139375 1.920059 0.001440549 3.144356 1.832986 0.3517846 2.980031 1.456453 1.087683 2.316273 1.895042 0.3505079 2.945414 1.530286 1.082411 2.257112 1.935712 0.001207242 3.114527 1.912664 0.00163281 3.119988 -2.548707 0.01137762 -1.115128 -2.525652 0.01151648 -1.10354 -2.557928 0.01174978 -1.093894 -2.535429 0.01194204 -1.081966 -2.557928 0.01174978 -1.093894 -0.3697862 0.676426 0.3761242 -0.3096815 0.7059453 0.260159 -1.075251 1.550162 0.08085623 -0.3096815 0.7059453 0.260159 -1.033358 1.540695 -0.02127424 -1.075251 1.550162 0.08085623 -0.4818048 0.6727386 0.3269939 -0.3697862 0.676426 0.3761242 -1.106108 1.406621 0.06141758 -1.075251 1.550162 0.08085623 -1.921955 1.266329 -0.4401923 -1.864644 1.156883 -0.4050424 -2.46658 0.4796694 -0.933778 -2.399083 0.4209849 -0.8979939 -2.557928 0.01174978 -1.093894 -2.399083 0.4209849 -0.8979939 -2.557928 0.01174978 -1.093894 -2.535429 0.01194204 -1.081966 -0.4818048 0.6727386 0.3269939 -1.106108 1.406621 0.06141758 -0.4281047 0.7038109 0.2257469 -1.106108 1.406621 0.06141758 -1.083977 1.400974 -0.05523403 -0.3096815 0.7059453 0.260159 -0.4281047 0.7038109 0.2257469 -1.033358 1.540695 -0.02127424 -1.083977 1.400974 -0.05523403 -1.888362 1.26187 -0.5263826 -1.829051 1.151612 -0.4927043 -2.438915 0.4785531 -0.9974808 -2.369751 0.4197082 -0.9627156 -2.548707 0.01137762 -1.115128 -2.525652 0.01151648 -1.10354 -1.075251 1.550162 0.08085623 -1.033358 1.540695 -0.02127424 -1.921955 1.266329 -0.4401923 -1.033358 1.540695 -0.02127424 -1.888362 1.26187 -0.5263826 -1.106108 1.406621 0.06141758 -1.864644 1.156883 -0.4050424 -1.083977 1.400974 -0.05523403 -1.864644 1.156883 -0.4050424 -1.829051 1.151612 -0.4927043 -1.921955 1.266329 -0.4401923 -1.888362 1.26187 -0.5263826 -2.46658 0.4796694 -0.933778 -2.438915 0.4785531 -0.9974808 -2.557928 0.01174978 -1.093894 -2.548707 0.01137762 -1.115128 -2.557928 0.01174978 -1.093894 -1.864644 1.156883 -0.4050424 -2.399083 0.4209849 -0.8979939 -1.829051 1.151612 -0.4927043 -2.399083 0.4209849 -0.8979939 -2.369751 0.4197082 -0.9627156 -2.399083 0.4209849 -0.8979939 -2.535429 0.01194204 -1.081966 -2.525652 0.01151648 -1.10354 -2.978696 0.004946175 -0.1278401 -2.953076 0.00508503 -0.1247681 -2.980159 0.005318336 -0.1047365 -2.954947 0.005510597 -0.1011562 -0.4266795 0.614908 0.5364143 -0.3869432 0.6409169 0.4125423 -1.263244 1.48484 0.3561864 -1.258518 1.475372 0.245899 -0.4266795 0.614908 0.5364143 -1.263244 1.48484 0.3561864 -0.5510604 0.6150026 0.5158855 -1.298868 1.341299 0.3483797 -2.235315 1.201006 0.160765 -2.169475 1.091561 0.1743675 -2.867819 0.414347 -0.02742595 -2.792181 0.3556625 -0.01668598 -2.980159 0.005318336 -0.1047365 -2.954947 0.005510597 -0.1011562 -0.5510604 0.6150026 0.5158855 -1.298868 1.341299 0.3483797 -0.529002 0.6441172 0.380768 -1.317659 1.335652 0.2311436 -0.3869432 0.6409169 0.4125423 -0.529002 0.6441172 0.380768 -1.258518 1.475372 0.245899 -1.317659 1.335652 0.2311436 -2.232984 1.196548 0.0682892 -2.165761 1.086289 0.07982812 -2.863427 0.4132307 -0.09673748 -2.786568 0.3543858 -0.08752163 -2.978696 0.004946175 -0.1278401 -2.953076 0.00508503 -0.1247681 -1.263244 1.48484 0.3561864 -1.258518 1.475372 0.245899 -2.235315 1.201006 0.160765 -2.232984 1.196548 0.0682892 -1.298868 1.341299 0.3483797 -2.169475 1.091561 0.1743675 -1.317659 1.335652 0.2311436 -2.165761 1.086289 0.07982812 -2.235315 1.201006 0.160765 -2.232984 1.196548 0.0682892 -2.867819 0.414347 -0.02742595 -2.863427 0.4132307 -0.09673748 -2.980159 0.005318336 -0.1047365 -2.978696 0.004946175 -0.1278401 -2.169475 1.091561 0.1743675 -2.792181 0.3556625 -0.01668598 -2.165761 1.086289 0.07982812 -2.786568 0.3543858 -0.08752163 -2.954947 0.005510597 -0.1011562 -2.953076 0.00508503 -0.1247681 -2.955584 0.004946175 1.516348 -2.932137 0.00508503 1.505576 -2.944757 0.005318336 1.53681 -2.921391 0.005510597 1.526684 -0.4369659 0.6000095 0.7460316 -0.4507867 0.6140757 0.6397644 -1.277458 1.48484 0.9714866 -1.33107 1.475372 0.8749916 -0.4369659 0.6000095 0.7460316 -1.277458 1.48484 0.9714866 -0.5555922 0.6108773 0.7906671 -1.311909 1.341299 0.9834501 -2.210275 1.201006 1.309765 -2.147033 1.091561 1.28695 -2.826941 0.414347 1.514046 -2.756843 0.3556625 1.48367 -2.944757 0.005318336 1.53681 -2.921391 0.005510597 1.526684 -0.5555922 0.6108773 0.7906671 -1.311909 1.341299 0.9834501 -0.5990866 0.6101794 0.6710121 -1.389203 1.335652 0.8933226 -0.4507867 0.6140757 0.6397644 -0.5990866 0.6101794 0.6710121 -1.33107 1.475372 0.8749916 -1.389203 1.335652 0.8933226 -2.25662 1.196548 1.229707 -2.193279 1.086289 1.20441 -2.859422 0.4132307 1.45266 -2.78908 0.3543858 1.420346 -2.955584 0.004946175 1.516348 -2.932137 0.00508503 1.505576 -1.277458 1.48484 0.9714866 -1.33107 1.475372 0.8749916 -2.210275 1.201006 1.309765 -2.25662 1.196548 1.229707 -1.311909 1.341299 0.9834501 -2.147033 1.091561 1.28695 -1.389203 1.335652 0.8933226 -2.193279 1.086289 1.20441 -2.210275 1.201006 1.309765 -2.25662 1.196548 1.229707 -2.826941 0.414347 1.514046 -2.859422 0.4132307 1.45266 -2.944757 0.005318336 1.53681 -2.955584 0.004946175 1.516348 -2.147033 1.091561 1.28695 -2.756843 0.3556625 1.48367 -2.193279 1.086289 1.20441 -2.78908 0.3543858 1.420346 -2.921391 0.005510597 1.526684 -2.932137 0.00508503 1.505576 -0.8666209 1.293079 -0.4427963 -0.7720761 1.293079 -0.745496 -0.7595738 0.8934935 -0.4427963 -0.6650289 0.8934935 -0.7454962 -0.4441955 0.6136712 -0.4402254 -0.3725706 0.6642159 -0.7739276 -0.6791998 1.662721 -0.4427962 -0.5846547 1.662721 -0.745496 -0.3638214 1.955179 -0.4370663 -0.2921965 1.955179 -0.745496 -0.6124333 0.9202552 0.02735725 -0.1303387 0.7142789 0.3157054 -0.7051389 1.293079 0.05411907 -0.1437196 1.032663 0.3368077 -0.1525346 0.8779613 0.3751764 -0.5320591 1.635959 0.02735725 -0.3370596 1.812471 0.08339321 -0.2450051 1.544347 0.3063321 -0.4031343 1.635959 -1.05521 -0.576214 1.293079 -1.081971 -0.2482447 1.544347 -1.256032 -0.3035939 1.188189 -1.343744 -0.2482447 1.767703 -1.077542 -0.4835084 0.9202552 -1.05521 -0.3286189 0.810625 -1.1502 -0.2768321 1.077961 -1.367923 -0.08886642 1.041135 0.3317005 -0.1514945 1.56599 0.3242258 -0.2084148 1.859282 0.09360733 -0.2249624 2.007464 -0.4370663 -0.1806744 2.007464 -0.7564308 -0.1534977 1.814514 -1.111812 -0.1534977 1.56599 -1.315471 -0.1234648 1.188189 -1.502955 -0.1069171 1.067747 -1.52166 -0.2031956 0.7752422 -1.18447 1.315884E-07 0.7179195 -1.239991 1.315884E-07 0.5571687 -0.8025775 -0.2303724 0.6233594 -0.7848623 -0.2746603 0.5728148 -0.4402254 -0.08059258 0.688116 0.2653215 -0.1432675 0.6498886 0.4528116 -0.2317 0.681518 0.4750294 -0.2941312 0.8543178 0.4835944 -0.3116552 0.6556757 0.6007066 -0.4058247 0.8356674 0.5691162 -0.4058247 0.8356674 0.802822 -0.3116552 0.6443493 0.8360304 -0.3116552 1.07884 0.638615 -0.3116552 1.064277 0.8059804 -0.1927064 0.6197343 0.6007066 -0.1927064 0.6084079 0.8360304 -0.1927064 1.100219 0.8059804 -0.1927064 1.114781 0.638615 -0.1927064 1.08635 0.9653729 -0.3116552 1.050408 0.9653729 -0.2299849 1.028809 1.078963 -0.2672633 0.971267 1.192553 -0.4058247 0.8356674 1.025395 -0.3116552 0.7630096 1.274853 -0.3116552 0.6335624 1.060144 -0.2672633 0.652682 1.208348 -0.1927064 0.597621 1.060144 -0.1652575 0.6357391 1.225291 -0.1927064 0.7630096 1.310794 -0.2162604 0.9797386 1.201024 -0.1652575 0.9882101 1.209496 -0.2141606 1.013379 1.123716 1.315884E-07 1.158447 0.8059804 1.315884E-07 1.173009 0.638615 -0.146916 1.082305 0.5032747 -0.2376005 1.058477 0.5055268 -0.1437196 1.032663 0.3368077 -0.08886642 1.041135 0.3317005 -0.1525346 0.8779613 0.3751764 1.315884E-07 1.120909 0.4996262 1.315884E-07 1.054859 0.3234265 0.08886669 1.041135 0.3317005 0.1469163 1.082305 0.5032747 0.1437198 1.032663 0.3368077 0.2376008 1.058477 0.5055268 0.1525349 0.8779613 0.3751764 0.1927067 1.114781 0.638615 0.3116555 1.07884 0.638615 0.1927067 1.100219 0.8059804 0.3116555 1.064277 0.8059804 0.4058249 0.8356674 0.802822 0.4058249 0.8356674 0.5691162 0.3116555 0.6556757 0.6007066 0.3116555 0.6443493 0.8360304 0.1927461 0.6197343 0.6007065 0.1927461 0.6084079 0.8360304 0.1927067 1.08635 0.9653729 0.3116555 1.050408 0.9653729 0.2299851 1.028809 1.078963 0.2672636 0.971267 1.192553 0.4058249 0.8356674 1.025395 0.3116555 0.7630096 1.274853 0.3116555 0.6335624 1.060144 0.2672636 0.652682 1.208348 0.1927461 0.597621 1.060144 0.1652578 0.6357391 1.225291 0.1927067 0.7630096 1.310794 0.2162607 0.9797386 1.201024 0.1652578 0.9882101 1.209496 0.2141609 1.013379 1.123716 1.315884E-07 0.7630096 1.369022 1.315884E-07 0.6082901 1.25274 3.956698E-05 0.5393931 1.060144 0.115066 0.9186928 1.257037 0.1328208 0.8279362 1.296004 0.05333496 0.9307532 1.26638 1.315884E-07 1.015659 1.236945 0.05812126 1.013385 1.189252 0.05404634 1.071648 1.068512 1.315884E-07 1.144578 0.9653729 -0.05404608 1.071648 1.068512 -0.1431641 1.048448 1.060985 -0.058121 1.013385 1.189252 -0.1739333 1.019229 1.132335 -0.1318548 1.000317 1.176593 -0.0533347 0.9307532 1.26638 -0.1150658 0.9186928 1.257037 -0.1328206 0.8279362 1.296004 -0.0536985 0.8350847 1.316291 1.315884E-07 0.7630096 1.369022 0.05369877 0.8350847 1.316291 1.315884E-07 0.7630096 1.369022 1.315884E-07 0.6082901 1.25274 3.956698E-05 0.5393931 1.060144 3.956698E-05 0.5187711 0.8083341 -0.191392 0.5302171 0.8063313 3.956698E-05 0.5300975 0.6238714 -0.191392 0.5415435 0.6218686 3.956698E-05 0.5615063 0.6007065 -0.1927064 0.6197343 0.6007066 3.956698E-05 0.5501799 0.8360304 -0.1927064 0.6084079 0.8360304 -0.4369659 0.6000095 0.7460316 -0.4507867 0.6140757 0.6397644 -0.1927064 0.6197343 0.6007066 -0.4532651 0.5279638 0.7665111 -0.4532651 0.5349949 0.6616462 -0.4507867 0.6140757 0.6397644 -0.5371354 0.5497732 0.7663948 -0.5555922 0.6108773 0.7906671 -0.5990866 0.6101794 0.6710121 -0.5371354 0.5568044 0.66153 -0.1927064 0.6084079 0.8360304 -0.188449 0.529339 0.8692558 3.956698E-05 0.5178613 0.8707697 -0.188449 0.5185521 1.020043 3.956698E-05 0.5070745 1.021557 3.956698E-05 0.5393931 1.060144 -0.1927064 0.597621 1.060144 -0.4571586 0.585862 1.016843 -0.4529012 0.5134769 0.8972582 -0.4529012 0.5060129 0.9903021 -0.4571586 0.585862 1.016843 -0.4571586 0.5917168 0.8784379 -0.5376385 0.5259587 0.9898849 -0.5921156 0.5786136 1.016426 -0.5921156 0.5844684 0.8780208 -0.5376385 0.5334227 0.8968411 -0.9765953 1.351386 1.576009 -1.108503 1.320365 1.568233 -0.1854604 0.5571337 0.5526035 -0.1627134 0.5733272 0.4714526 3.956698E-05 0.5422249 0.5637837 3.956698E-05 0.5711116 0.4412139 -0.1927064 0.6197343 0.6007066 -0.1432675 0.6498886 0.4528116 -0.4185697 0.5695675 0.5004279 -0.4266795 0.614908 0.5364143 -0.4055037 0.5820552 0.4158386 -0.1432675 0.6498886 0.4528116 -0.3869432 0.6409169 0.4125423 -0.4944837 0.5782871 0.483899 -0.5510604 0.6150026 0.5158855 -0.529002 0.6441172 0.380768 -0.4814177 0.5907748 0.3993096 3.95535E-05 0.5986465 0.4168169 -0.1432675 0.6498886 0.4528116 -0.1432675 0.6498886 0.4528116 -0.1558232 0.5900917 0.4032499 3.956698E-05 0.5733897 0.3880972 -0.09370048 0.6199318 0.2667181 3.956698E-05 0.6181535 0.1962147 -0.08059258 0.688116 0.2653215 3.956698E-05 0.6457301 0.1836955 -0.3697862 0.676426 0.3761242 -0.3582202 0.6025156 0.3401657 -0.3359392 0.6323556 0.2488607 -0.3096815 0.7059453 0.260159 -0.4513193 0.6255478 0.3051248 -0.4818048 0.6727386 0.3269939 -0.4281047 0.7038109 0.2257469 -0.4172356 0.6471027 0.2347651 3.956698E-05 0.6457301 0.1836955 1.315884E-07 0.5066241 -0.4402255 1.315884E-07 1.051199 -1.617956 -0.03521478 1.188189 -1.578124 1.315884E-07 1.051199 -1.617956 -0.04370039 1.59107 -1.384352 -0.05270902 1.86431 -1.148268 -0.05183053 2.06787 -0.769064 -0.07470094 2.064043 -0.4370663 -0.06233948 1.912436 0.1052054 -0.0494606 1.589605 0.3437505 1.315884E-07 1.054859 0.3234265 1.315884E-07 1.204474 -1.580442 1.315884E-07 1.602462 -1.377774 1.315884E-07 1.881338 -1.143934 1.315884E-07 2.075885 -0.7677882 1.315884E-07 2.075885 -0.4453177 1.315884E-07 1.924494 0.1084208 1.315884E-07 1.602462 0.3503082 0.04370065 1.59107 -1.384352 0.03521504 1.188189 -1.578124 0.123465 1.188189 -1.502955 0.1069174 1.067747 -1.52166 0.2768324 1.077961 -1.367923 0.3035941 1.188189 -1.343744 0.4835087 0.9202552 -1.05521 0.5762143 1.293079 -1.081971 0.248245 1.544347 -1.256032 0.4031345 1.635959 -1.05521 0.584655 1.662721 -0.745496 0.7720763 1.293079 -0.745496 0.6792 1.662721 -0.4427962 0.3638216 1.955179 -0.4370663 0.2921967 1.955179 -0.745496 0.8666213 1.293079 -0.4427963 0.7595741 0.8934935 -0.4427963 0.6650291 0.8934935 -0.7454962 0.4441958 0.6136712 -0.4402254 0.3725709 0.6642159 -0.7739276 0.6124336 0.9202552 0.02735725 0.1303389 0.7142789 0.3157054 0.7051392 1.293079 0.05411907 0.1437198 1.032663 0.3368077 0.1437198 1.032663 0.3368077 0.5320594 1.635959 0.02735725 0.3370599 1.812471 0.08339321 0.2450053 1.544347 0.3063321 0.2317002 0.681518 0.4750294 0.08886669 1.041135 0.3317005 0.1514947 1.56599 0.3242258 0.208415 1.859282 0.09360733 0.2249627 2.007464 -0.4370663 0.1806747 2.007464 -0.7564308 0.248245 1.767703 -1.077542 0.1534979 1.814514 -1.111812 0.1534979 1.56599 -1.315471 0.05270929 1.86431 -1.148268 0.05183079 2.06787 -0.769064 0.0747012 2.064043 -0.4370663 0.06233974 1.912436 0.1052054 0.04946086 1.589605 0.3437505 -0.1927064 0.6084079 0.8360304 -0.4571586 0.5917168 0.8784379 -0.1927064 0.597621 1.060144 -0.4571586 0.585862 1.016843 -0.1927064 0.6197343 0.6007066 -0.1432675 0.6498886 0.4528116 -0.4266795 0.614908 0.5364143 -0.3869432 0.6409169 0.4125423 -0.08059258 0.688116 0.2653215 -0.3096815 0.7059453 0.260159 -0.1432675 0.6498886 0.4528116 -0.3697862 0.676426 0.3761242 -0.1269369 1.08324 1.124338 -0.1236359 1.064335 1.16903 -0.09311042 1.092342 1.126551 -0.09419734 1.069606 1.173967 -0.0746184 1.086598 1.102695 -0.07751852 1.045132 1.188625 -0.058121 1.013385 1.189252 -0.05404608 1.071648 1.068512 -0.1299949 1.035831 1.179616 -0.1318548 1.000317 1.176593 -0.058121 1.013385 1.189252 -0.1380437 1.070087 1.097338 -0.1318548 1.000317 1.176593 -0.1431641 1.048448 1.060985 -0.05404608 1.071648 1.068512 -0.1431641 1.048448 1.060985 -0.1877505 0.6164345 1.560286 -0.1745866 0.6188607 1.560931 -0.185638 0.6145868 1.576446 -0.1756533 0.6167061 1.578402 -0.1833039 0.7119788 1.570918 -0.2032655 0.7276271 1.627762 -0.1225034 0.8235264 1.473304 -0.1407091 0.9012079 1.515901 -0.0536985 0.8350847 1.316291 -0.0533347 0.9307532 1.26638 -0.1756533 0.6167061 1.578402 -0.2353664 0.7143438 1.61599 -0.185638 0.6145868 1.576446 -0.2274462 0.6982163 1.560961 -0.1894347 0.8186858 1.458471 -0.1911885 0.890081 1.502909 -0.1328206 0.8279362 1.296004 -0.1150658 0.9186928 1.257037 -0.1407091 0.9012079 1.515901 -0.0533347 0.9307532 1.26638 -0.2032655 0.7276271 1.627762 -0.1877505 0.6164345 1.560286 -0.1756533 0.6167061 1.578402 -0.1745866 0.6188607 1.560931 -0.1407091 0.9012079 1.515901 -0.2032655 0.7276271 1.627762 -0.0536985 0.8350847 1.316291 -0.1225034 0.8235264 1.473304 -0.1328206 0.8279362 1.296004 -0.1894347 0.8186858 1.458471 -0.1833039 0.7119788 1.570918 -0.2274462 0.6982163 1.560961 -0.1745866 0.6188607 1.560931 -0.1877505 0.6164345 1.560286 1.315884E-07 1.051199 -1.617956 0.2031958 0.7752422 -1.18447 0.3286192 0.810625 -1.1502 0.2303726 0.6233594 -0.7848623 0.2746606 0.5728148 -0.4402254 0.08063232 0.688116 0.2653215 0.1433072 0.6498886 0.4528116 0.2941315 0.8543178 0.4835944 0.1525349 0.8779613 0.3751764 3.956698E-05 0.6457301 0.1836955 1.315884E-07 0.5066241 -0.4402255 1.315884E-07 0.5571687 -0.8025775 1.315884E-07 0.7179195 -1.239991 1.315884E-07 1.051199 -1.617956 -0.1876781 1.018327 1.193639 -0.1909388 1.029985 1.164639 -0.2068467 1.015143 1.190455 -0.2060575 1.027786 1.1614 -0.1828379 1.025853 1.149225 -0.1769095 1.004657 1.201951 -0.1739333 1.019229 1.132335 -0.1652575 0.9882101 1.209496 -0.2117615 0.9988681 1.196162 -0.2162604 0.9797386 1.201024 -0.1652575 0.9882101 1.209496 -0.2103266 1.021855 1.143335 -0.2162604 0.9797386 1.201024 -0.2141606 1.013379 1.123716 -0.1739333 1.019229 1.132335 -0.2141606 1.013379 1.123716 0.1431643 1.048448 1.060985 0.1739336 1.019229 1.132335 0.1318551 1.000317 1.176593 0.1269372 1.08324 1.124338 0.09311068 1.092342 1.126551 0.1236361 1.064335 1.16903 0.09419759 1.069606 1.173967 0.07461866 1.086598 1.102695 0.07751878 1.045132 1.188625 0.05812126 1.013385 1.189252 0.05404634 1.071648 1.068512 0.1299952 1.035831 1.179616 0.1318551 1.000317 1.176593 0.05812126 1.013385 1.189252 0.138044 1.070087 1.097338 0.1318551 1.000317 1.176593 0.1431643 1.048448 1.060985 0.05404634 1.071648 1.068512 0.1431643 1.048448 1.060985 0.1877508 0.6164345 1.560286 0.1856383 0.6145868 1.576446 0.1745869 0.6188607 1.560931 0.1856383 0.6145868 1.576446 0.1756535 0.6167061 1.578402 0.2353667 0.7143438 1.61599 0.2274465 0.6982163 1.560961 0.1894349 0.8186858 1.458471 0.1911888 0.890081 1.502909 0.1328208 0.8279362 1.296004 0.115066 0.9186928 1.257037 0.1407094 0.9012079 1.515901 0.2032658 0.7276271 1.627762 0.1407094 0.9012079 1.515901 0.05333496 0.9307532 1.26638 0.05369877 0.8350847 1.316291 0.1225036 0.8235264 1.473304 0.2032658 0.7276271 1.627762 0.1877508 0.6164345 1.560286 0.1756535 0.6167061 1.578402 0.2032658 0.7276271 1.627762 0.1833041 0.7119788 1.570918 0.1756535 0.6167061 1.578402 0.05369877 0.8350847 1.316291 0.1328208 0.8279362 1.296004 0.1225036 0.8235264 1.473304 0.1894349 0.8186858 1.458471 0.1833041 0.7119788 1.570918 0.2274465 0.6982163 1.560961 0.1745869 0.6188607 1.560931 0.1877508 0.6164345 1.560286 0.2060578 1.027786 1.1614 0.190939 1.029985 1.164639 0.206847 1.015143 1.190455 0.1876784 1.018327 1.193639 0.1828382 1.025853 1.149225 0.1769097 1.004657 1.201951 0.1739336 1.019229 1.132335 0.1652578 0.9882101 1.209496 0.2117617 0.9988681 1.196162 0.2162607 0.9797386 1.201024 0.1652578 0.9882101 1.209496 0.2103269 1.021855 1.143335 0.2162607 0.9797386 1.201024 0.2141609 1.013379 1.123716 0.1739336 1.019229 1.132335 0.2141609 1.013379 1.123716 -1.942588 0.001068344 3.139375 -1.935633 0.001207199 3.114527 -1.91998 0.001440506 3.144356 -1.912585 0.001632767 3.119988 -0.4571586 0.5917168 0.8784379 -0.5921156 0.5844684 0.8780208 -1.004981 1.466087 1.54012 -1.107958 1.462037 1.511966 -0.4571586 0.585862 1.016843 -0.4571586 0.5917168 0.8784379 -0.9765953 1.351386 1.576009 -1.004981 1.466087 1.54012 -1.506436 1.197129 2.361148 -1.456374 1.087683 2.316273 -1.874185 0.4104692 3.044316 -1.832907 0.3517846 2.980031 -1.91998 0.001440506 3.144356 -1.912585 0.001632767 3.119988 -0.5921156 0.5786136 1.016426 -1.108503 1.320365 1.568233 -0.5921156 0.5844684 0.8780208 -1.107958 1.462037 1.511966 -1.579431 1.19267 2.304325 -1.530207 1.082411 2.257112 -1.935364 0.4093528 3.011445 -1.894963 0.3505079 2.945414 -1.942588 0.001068344 3.139375 -1.935633 0.001207199 3.114527 -1.004981 1.466087 1.54012 -1.107958 1.462037 1.511966 -1.506436 1.197129 2.361148 -1.579431 1.19267 2.304325 -0.9765953 1.351386 1.576009 -1.456374 1.087683 2.316273 -1.108503 1.320365 1.568233 -1.530207 1.082411 2.257112 -1.579431 1.19267 2.304325 -1.935364 0.4093528 3.011445 -1.506436 1.197129 2.361148 -1.874185 0.4104692 3.044316 -1.942588 0.001068344 3.139375 -1.91998 0.001440506 3.144356 -1.530207 1.082411 2.257112 -1.456374 1.087683 2.316273 -1.894963 0.3505079 2.945414 -1.832907 0.3517846 2.980031 -1.935633 0.001207199 3.114527 -1.912585 0.001632767 3.119988 
           Normals: 931
0.002287128 -0.9998608 0.0165308 0.001933697 -0.9998412 0.01771289 0.001889949 -0.9998387 0.0178592 0.001933697 -0.9998412 0.01771289 0.001541879 -0.9998179 0.01902332 -0.6980113 0.6803991 0.2232426 -0.6051428 0.6472259 0.4635739 -0.691093 0.6792005 0.2471381 -0.5994462 0.6444305 0.4747351 -0.691093 0.6792005 0.2471381 0.4728501 -0.01765415 0.8809661 0.4047894 -0.01413118 0.9143007 0.4700321 -0.0180265 0.8824652 0.4013617 -0.0100004 0.9158651 0.5728856 -0.03715774 0.8187926 0.5715666 -0.03834217 0.8196593 0.5654023 -0.1431408 0.8122997 0.561358 -0.1498635 0.8138908 0.561358 -0.1498635 0.8138908 0.5056794 -0.2048863 0.8380395 0.561802 -0.6589269 -0.5001937 0.5752162 -0.6659723 -0.4749813 0.6985341 -0.7039354 -0.12855 0.7043748 -0.702804 -0.09961253 -0.4728665 0.0420792 -0.8801287 -0.2924338 -0.07001282 -0.9537194 -0.461971 0.04079317 -0.8859564 -0.279477 -0.08028974 -0.9567895 -0.5507942 0.04278046 -0.833544 -0.5494807 0.04287298 -0.8344057 -0.5336882 0.1216371 -0.8368879 -0.5281089 0.124765 -0.8399611 -0.4739943 0.1179655 -0.8725901 -0.4442998 0.1358053 -0.885525 0.2312882 0.9627664 -0.1399523 0.214204 0.9609809 -0.1750208 0.2300129 0.9626829 -0.1426027 0.2134176 0.9608647 -0.1766127 0.2300129 0.9626829 -0.1426027 -0.2578421 -0.9614593 0.09546433 -0.2566966 -0.9615053 0.09805287 -0.2344837 -0.9609091 0.1472106 -0.2322408 -0.9606973 0.1520683 -0.2344837 -0.9609091 0.1472106 0.7674094 0.5418435 -0.3427658 0.6849226 0.6633229 -0.3014691 0.742636 0.5814139 -0.3323397 0.6850159 0.6633037 -0.3012997 0.8725272 0.3018075 -0.3841985 0.872528 0.3018082 -0.3841963 0.7674094 0.5418435 -0.3427658 -0.6591793 -0.6856241 0.3088726 -0.659135 -0.6856322 0.3089492 -0.7018349 -0.6311098 0.3303457 -0.7215655 -0.6037223 0.3389136 -0.7018349 -0.6311098 0.3303457 -0.8140901 -0.4412012 0.3776224 -0.8140925 -0.4412 0.3776189 0.561358 -0.1498635 0.8138908 0.4536929 -0.2353461 0.8595203 0.5056794 -0.2048863 0.8380395 -0.00346155 -0.9998608 0.01632546 -0.004195375 -0.9998412 0.0173173 -0.00428621 -0.9998387 0.01744007 -0.005008873 -0.9998179 0.0184168 -0.6943857 0.7188932 -0.03195414 -0.6431662 0.6900121 0.331995 -0.6937401 0.7202226 -0.002006697 -0.6383622 0.6861492 0.3488453 0.162624 0.04779126 0.98553 0.1658921 0.04503924 0.9851149 0.2050295 -0.0004208669 0.9787557 0.2069702 -0.001637488 0.9783459 0.2241326 -0.01423187 0.9744547 0.2239419 -0.01530339 0.9744824 0.2127697 -0.08707589 0.9732147 0.2104684 -0.09357488 0.9731119 0.1816541 -0.146903 0.9723278 0.1372293 -0.1715534 0.9755704 0.6420897 -0.7211192 -0.2602077 0.6462295 -0.7247112 -0.2391255 0.6697857 -0.7345678 0.1086153 0.6677075 -0.7307115 0.1422229 -0.1865677 0.02404332 -0.9821478 -0.217703 0.03279104 -0.9754641 -0.1908246 0.02369479 -0.9813381 -0.2188782 0.03387107 -0.9751642 -0.1966501 0.0188785 -0.9802919 -0.1964509 0.01869607 -0.9803355 -0.1716802 0.06216342 -0.9831895 -0.1663111 0.06322618 -0.9840443 -0.1313047 0.04208523 -0.9904483 -0.1186505 0.04918974 -0.9917169 0.2657435 0.9625796 -0.05311247 0.261842 0.9607254 -0.09189983 0.2654616 0.9624903 -0.05605883 0.2616534 0.9606051 -0.09367683 -0.2753321 -0.9613467 0.002175896 -0.2751541 -0.961387 0.005019738 -0.2713663 -0.960678 0.05880564 -0.2709422 -0.9604524 0.06419849 0.8466545 0.5285007 -0.06215431 0.7724549 0.6330769 -0.05026925 0.831229 0.5525631 -0.06109265 0.7724816 0.6330656 -0.0500012 0.9590238 0.275722 -0.06519753 0.959024 0.2757218 -0.06519584 -0.7531811 -0.6544859 0.06607953 -0.7531615 -0.6544914 0.06624819 -0.7918919 -0.6062371 0.07337426 -0.8031417 -0.5911379 0.0742925 -0.8965786 -0.4358017 0.07889068 -0.896579 -0.4358014 0.07888864 -0.01148377 -0.9998608 0.01210899 -0.01262777 -0.9998412 0.01257099 -0.01276937 -0.9998387 0.01262818 -0.01389595 -0.9998179 0.01308314 -0.5863246 0.7071662 -0.3951447 -0.7200652 0.6934271 -0.02578829 -0.5957223 0.7091922 -0.3770429 -0.7246501 0.6891103 -0.00303058 -0.3585984 0.1042644 0.9276509 -0.3529695 0.09905102 0.9303771 -0.3049526 0.009237572 0.9523227 -0.3016095 0.007197527 0.9534043 -0.333133 -0.004370329 0.9428697 -0.3336019 -0.00510692 0.9427001 -0.3581781 -0.04754391 0.932442 -0.3610102 -0.050943 0.9311694 -0.3795488 -0.06358156 0.9229844 -0.3970241 -0.07419537 0.9148043 0.6426938 -0.728261 0.237867 0.6362678 -0.7286506 0.2534395 0.5238087 -0.7111143 0.4689786 0.5135971 -0.7079294 0.4848236 0.3207776 0.008610977 -0.9471154 0.2117633 0.05094269 -0.9759924 0.3076331 0.00720646 -0.9514777 0.2072499 0.05493838 -0.9767442 0.3598866 0.008661162 -0.9329559 0.3602945 0.008192235 -0.9328026 0.3978729 0.02184955 -0.9171803 0.4038738 0.01933386 -0.9146103 0.4286949 -0.04364876 -0.9023942 0.4166643 -0.05082595 -0.9076385 0.2541564 0.9626316 0.09351358 0.2709854 0.9608142 0.05833717 0.2554432 0.9625455 0.09085719 0.2717455 0.9606959 0.05672551 -0.2358639 -0.961349 -0.1420433 -0.2371855 -0.9613925 -0.1395259 -0.2618921 -0.9607446 -0.09155504 -0.2643187 -0.9605261 -0.08674759 0.752606 0.5315996 0.3885693 0.6858889 0.63153 0.3615607 0.7450396 0.5447837 0.3848723 0.6857606 0.631527 0.3618093 0.8529573 0.2705274 0.4464065 0.8529589 0.2705272 0.4464037 -0.6781702 -0.6524089 -0.3383014 -0.6782503 -0.6524091 -0.3381404 -0.7177968 -0.5997361 -0.3536726 -0.7232453 -0.5916035 -0.3562606 -0.8083211 -0.4293422 -0.4028427 -0.8083219 -0.4293408 -0.4028426 0 -0.9957419 0.0921853 0 -0.9805304 -0.1963676 0.1052777 -0.9378831 0.3305929 0.05728027 -0.9084561 -0.4140366 4.32047E-06 -0.9698214 -0.2438163 0.74665 0.6349503 -0.1983734 4.37564E-06 -0.9999706 -0.00768 0.9187214 0.3949061 -0.0004120826 0.1181939 0.7455108 0.6559297 0.1251239 0.814253 -0.5668651 0.74665 0.6349503 -0.1983734 0.101456 -0.8376067 0.5367697 0.07896391 -0.8849998 -0.4588464 0.1251239 0.814253 -0.5668651 0.74665 0.6349503 -0.1983734 0.3964538 -0.7488618 0.5310653 0.4686486 -0.4447477 0.7632614 0.7372553 -0.5807369 -0.3452524 0.413847 -0.6879048 -0.5962531 0.9187214 0.3949061 -0.0004120826 0.04758867 -0.8902102 -0.4530576 0 -0.9751095 -0.2217238 0.05715067 -0.9298496 0.3634742 0 -0.9938139 0.1110582 2.356068E-05 -0.8954836 0.4450946 0.417008 -0.6316181 0.6535771 0.04223968 -0.8462693 -0.5310782 0.05730359 -0.8750942 0.4805481 0.01813572 -0.2223739 0.9747928 0.09922732 0.8537755 -0.5110981 0.3837659 -0.8251913 0.4144671 0.01813572 -0.2223739 0.9747928 0.002458737 -0.5957344 0.8031777 0.5287227 -0.7126255 -0.4611042 0.3223458 -0.7657998 -0.5564564 0.417008 -0.6316181 0.6535771 0.01813572 -0.2223739 0.9747928 0.01813572 -0.2223739 0.9747928 -0.07907526 -0.5585582 0.8256875 -0.08235611 -0.5573061 0.8262127 0.1303848 -0.9380749 0.3209601 0 -0.999824 -0.01876493 -0.01613258 -0.7825591 -0.6223672 1.337123E-06 -0.8834832 -0.4684627 0.74665 0.6349503 -0.1983734 0.5144663 0.852839 -0.08938702 0.1092283 -0.96321 0.2455516 0.74665 0.6349503 -0.1983734 0.2048268 0.6742144 0.7095639 -0.07505053 -0.8020163 -0.5925685 0.3770722 -0.9203129 0.1041184 0.5145172 -0.8545499 0.07082752 0.4074476 -0.6303787 -0.6607641 0.1737429 -0.6923175 -0.7003641 -0.04316569 0.9025065 -0.4285077 0.5144663 0.852839 -0.08938702 2.744192E-06 -0.9722955 0.2337548 0.1452589 -0.9704106 0.1928809 1.330772E-07 -0.9973999 -0.07206599 0.1433761 -0.8265882 -0.5442383 1.389536E-05 -0.8626393 -0.5058196 0.4135095 -0.8975528 0.1529999 0.2168261 0.5106369 0.8320075 0.1961645 -0.9426305 0.2701248 -0.03559206 -0.7152959 -0.6979148 -0.09745409 0.9532923 -0.2858958 0.5721081 -0.8171264 0.0706888 0.1989642 -0.5310825 -0.823629 0.2249615 -0.2068573 -0.9521567 0.7743386 -0.5971829 0.2092185 0.2249615 -0.2068573 -0.9521567 0.2168261 0.5106369 0.8320075 1.683885E-05 -0.9773373 0.2116881 0.4135095 -0.8975528 0.1529999 -0.09745409 0.9532923 -0.2858958 0.5144663 0.852839 -0.08938702 0.4135095 -0.8975528 0.1529999 0.9187214 0.3949061 -0.0004120826 0.417008 -0.6316181 0.6535771 0.09922732 0.8537755 -0.5110981 0.417008 -0.6316181 0.6535771 0.01813572 -0.2223739 0.9747928 0.74665 0.6349503 -0.1983734 0.2048268 0.6742144 0.7095639 0.5144663 0.852839 -0.08938702 -0.04316569 0.9025065 -0.4285077 -0.01666311 -0.9998608 -0.00092346 -0.01775532 -0.9998412 -0.001496897 -0.01789051 -0.9998387 -0.001567878 -0.0189661 -0.9998179 -0.002132604 -0.1783638 0.6429278 -0.7448692 0.0216337 0.5938757 -0.8042659 -0.1643275 0.6404002 -0.750256 0.02927658 0.591454 -0.8058072 -0.8167954 0.3464763 0.4613019 -0.8436267 0.5349922 0.04557811 -0.83547 0.3430516 0.4293083 -0.8350738 0.5496464 0.02325048 -0.8038864 0.1414821 0.5777104 -0.8070127 0.1300717 0.576031 -0.8503167 0.03950392 0.5247866 -0.8541901 0.03128512 0.5190188 -0.9154591 -0.0396967 0.4004482 -0.9521887 -0.1014908 0.2881602 0.8286419 -0.5592789 -0.02365856 0.8510024 -0.5184058 -0.08396594 0.845581 -0.2035343 -0.4935248 0.8449041 -0.19464 -0.4982493 0.8217471 -0.1346945 -0.553705 0.8236683 -0.1283838 -0.5523478 0.8698749 -0.06386458 -0.4891205 0.8744557 -0.0594203 -0.4814526 0.9333473 -0.06839864 -0.3523981 0.9627981 -0.0184226 -0.2695928 0.2129667 0.9566818 0.1985073 0.1110807 0.962348 0.2480872 0.204335 0.9576508 0.2028603 0.1062829 0.96231 0.2503268 -0.2353241 -0.9537139 -0.1872229 -0.2348427 -0.9537843 -0.1874686 -0.2246095 -0.9552113 -0.1926707 -0.2231765 -0.9554006 -0.1933958 0.4646278 0.7003224 0.5419127 0.4613861 0.7005724 0.544354 0.3916189 0.6057857 0.6925737 0.3862751 0.6002372 0.700362 0.2766194 0.2609665 0.9248667 0.2120525 0.2545139 0.943534 -0.3783188 -0.6532439 -0.6558561 -0.4621543 -0.7185311 -0.519737 -0.3849457 -0.6556723 -0.6495466 -0.4655745 -0.7182666 -0.5170429 -0.2855332 -0.4150636 -0.8638247 -0.2179267 -0.4045869 -0.888154 -0.002287209 -0.9998608 0.01653088 -0.001889986 -0.9998387 0.01785926 -0.001933736 -0.9998412 0.01771296 -0.001541879 -0.9998179 0.01902336 -0.001933736 -0.9998412 0.01771296 0.5994465 0.6444308 0.4747344 0.6051431 0.6472262 0.4635732 0.6910929 0.6792001 0.2471392 0.6051431 0.6472262 0.4635732 0.6980112 0.6803987 0.2232441 0.6910929 0.6792001 0.2471392 -0.4013609 -0.01000058 0.9158654 -0.4047888 -0.0141313 0.914301 -0.4700325 -0.01802654 0.882465 -0.4728504 -0.01765417 0.8809659 -0.572886 -0.03715707 0.8187925 -0.5715671 -0.03834162 0.8196591 -0.5654016 -0.1431419 0.8123 -0.5613572 -0.1498646 0.8138911 -0.5056779 -0.2048921 0.8380387 -0.5613572 -0.1498646 0.8138911 -0.5056779 -0.2048921 0.8380387 -0.4536902 -0.2353572 0.8595186 -0.5618022 -0.6589264 -0.5001941 -0.6985341 -0.7039352 -0.1285511 -0.5752162 -0.6659719 -0.4749818 -0.6985341 -0.7039352 -0.1285511 -0.7043748 -0.7028039 -0.09961339 0.2794761 -0.0802899 -0.9567899 0.2924329 -0.07001298 -0.9537196 0.4619716 0.04079296 -0.8859561 0.4728671 0.0420789 -0.8801284 0.5507945 0.04277976 -0.8335439 0.5494807 0.04287245 -0.8344057 0.5336884 0.1216383 -0.8368876 0.5281092 0.1247664 -0.8399608 0.4739943 0.1179681 -0.8725898 0.4442998 0.13581 -0.8855244 -0.2134176 0.960865 -0.1766108 -0.214204 0.9609812 -0.1750191 -0.2300131 0.9626827 -0.1426047 -0.214204 0.9609812 -0.1750191 -0.2312884 0.962766 -0.1399545 0.2578422 -0.9614592 0.0954662 0.2344838 -0.9609095 0.1472085 0.2566967 -0.9615051 0.09805452 0.2344838 -0.9609095 0.1472085 0.232241 -0.9606977 0.1520658 -0.6850168 0.6633033 -0.3012986 -0.6849234 0.6633226 -0.301468 -0.7426347 0.5814158 -0.3323394 -0.7674081 0.5418455 -0.3427656 -0.8725236 0.3018065 -0.3842074 -0.8725236 0.3018067 -0.3842073 -0.8725236 0.3018065 -0.3842074 0.6591794 -0.6856246 0.3088714 0.7018358 -0.6311094 0.3303448 0.6591351 -0.6856325 0.3089481 0.7018358 -0.6311094 0.3303448 0.7215664 -0.6037219 0.3389129 0.7018358 -0.6311094 0.3303448 0.8140864 -0.4412019 0.3776296 0.8140876 -0.4412009 0.3776281 0.003461521 -0.9998608 0.01632527 0.004286193 -0.9998387 0.01744002 0.004195355 -0.9998412 0.01731723 0.005008889 -0.9998179 0.01841691 0.6383623 0.6861489 0.3488454 0.6431662 0.6900121 0.3319948 0.6937402 0.7202227 -0.002006579 0.6943857 0.7188932 -0.03195414 -0.1626231 0.04779144 0.9855301 -0.2050297 -0.0004207064 0.9787557 -0.1658913 0.04503941 0.985115 -0.2069703 -0.001637377 0.9783458 -0.2241323 -0.01423237 0.9744548 -0.2239414 -0.01530387 0.9744824 -0.2127697 -0.08707603 0.9732147 -0.2104685 -0.09357497 0.9731119 -0.1816542 -0.1469038 0.9723276 -0.1372291 -0.1715551 0.9755701 -0.64209 -0.7211192 -0.2602068 -0.6697854 -0.7345682 0.1086143 -0.6462298 -0.7247113 -0.2391246 -0.6677071 -0.7307121 0.1422219 0.2188781 0.03387109 -0.9751642 0.2177029 0.03279108 -0.9754641 0.1908246 0.02369528 -0.9813381 0.1865677 0.02404384 -0.9821478 0.1966499 0.01887923 -0.9802919 0.1964506 0.01869676 -0.9803355 0.1716803 0.0621635 -0.9831895 0.1663111 0.06322623 -0.9840443 0.1313047 0.04208532 -0.9904483 0.1186506 0.04918978 -0.9917169 -0.2616534 0.960605 -0.09367801 -0.261842 0.9607252 -0.09190089 -0.2654615 0.9624904 -0.05605698 -0.2657434 0.9625797 -0.0531104 0.2753323 -0.9613466 0.002176074 0.2713662 -0.9606782 0.05880485 0.2751544 -0.961387 0.005019887 0.2709421 -0.9604526 0.0641976 -0.7724814 0.6330658 -0.05000121 -0.7724549 0.633077 -0.05026927 -0.8312301 0.5525615 -0.06109274 -0.8466555 0.5284991 -0.06215437 -0.9590239 0.2757218 -0.06519755 -0.959024 0.2757218 -0.06519584 0.7531816 -0.6544853 0.06607985 0.7918923 -0.6062367 0.07337327 0.753162 -0.6544908 0.06624845 0.8031422 -0.5911374 0.0742915 0.8965788 -0.4358011 0.07889088 0.896579 -0.4358013 0.07888891 0.01148377 -0.9998608 0.01210899 0.01276936 -0.9998387 0.01262819 0.01262776 -0.9998412 0.012571 0.01389595 -0.9998179 0.01308315 0.7246505 0.6891099 -0.003029134 0.7200655 0.6934267 -0.02578706 0.5957224 0.7091922 -0.3770427 0.5863246 0.7071662 -0.3951447 0.3585994 0.1042644 0.9276505 0.3049527 0.00923718 0.9523227 0.3529705 0.09905113 0.9303766 0.3016096 0.007197213 0.9534043 0.3331327 -0.004370479 0.9428698 0.3336016 -0.005106988 0.9427003 0.3581785 -0.04754289 0.9324419 0.3610106 -0.05094195 0.9311693 0.3795477 -0.06357912 0.922985 0.3970217 -0.07419065 0.9148057 -0.6426941 -0.728261 0.2378661 -0.5238087 -0.711114 0.4689789 -0.6362682 -0.7286506 0.2534385 -0.513597 -0.7079292 0.484824 -0.2072498 0.05493886 -0.9767443 -0.2117632 0.05094311 -0.9759924 -0.3076332 0.007205865 -0.9514777 -0.3207775 0.008610163 -0.9471154 -0.3598865 0.008661035 -0.9329559 -0.3602944 0.008192169 -0.9328027 -0.3978737 0.02184993 -0.91718 -0.4038748 0.01933423 -0.91461 -0.4286955 -0.04364822 -0.9023941 -0.4166644 -0.05082595 -0.9076385 -0.2717452 0.9606961 0.05672251 -0.2709851 0.9608142 0.05833449 -0.2554428 0.9625452 0.09086066 -0.2541561 0.9626314 0.09351759 0.235864 -0.9613488 -0.1420437 0.261893 -0.9607444 -0.09155455 0.2371856 -0.9613924 -0.1395262 0.2643196 -0.9605259 -0.08674705 -0.6857609 0.6315267 0.3618094 -0.6858891 0.6315298 0.3615607 -0.7450408 0.5447838 0.3848698 -0.7526071 0.5315999 0.3885667 -0.8529568 0.2705304 0.4464054 -0.8529575 0.2705317 0.4464034 0.6781712 -0.6524082 -0.3383009 0.7177956 -0.599737 -0.3536736 0.6782511 -0.6524084 -0.3381399 0.723244 -0.5916045 -0.3562616 0.8083218 -0.4293408 -0.402843 0.8083228 -0.4293385 -0.4028431 -0.9919575 0.09586401 0.08264516 -0.9107763 0.09232285 -0.4024465 -0.8599707 -0.504939 0.07407413 -0.7913573 -0.4888204 -0.3671622 -0.5201547 -0.8446652 0.1264104 -0.5042384 -0.8076651 -0.3056482 -0.804216 0.5901322 0.07057414 -0.7537993 0.5574083 -0.3479692 -0.6049824 0.7921467 0.08062255 -0.6027567 0.7428173 -0.2913879 -0.6847842 -0.5347219 0.4951194 -0.6114274 -0.7118528 0.3455751 -0.7864568 0.05377191 0.6153001 -0.5450945 0.02940255 0.8378589 -0.8861694 -0.06893951 0.4582044 -0.7232271 0.5262226 0.4472498 -0.5610291 0.6886536 0.4593501 -0.4609307 0.1305377 0.8777829 -0.6758739 0.5055668 -0.5362803 -0.7928773 0.08806206 -0.6029848 -0.5938075 0.3676459 -0.7157019 -0.6856575 0.1068569 -0.7200384 -0.5621902 0.6361125 -0.5284913 -0.7425444 -0.4174558 -0.5237925 -0.5501408 -0.6462309 -0.5288958 -0.6756946 -0.3267128 -0.6608294 -0.02222442 0.4478297 0.8938426 -0.2255433 0.2276563 0.9472607 -0.3321042 0.8049675 0.4916647 -0.3518398 0.924358 0.1475502 -0.4332528 0.8595271 -0.2711183 -0.5227107 0.6573983 -0.5427715 -0.5631189 0.4097026 -0.7176635 -0.6336803 0.2482285 -0.7326882 -0.5937653 -0.4705921 -0.6526759 -0.3755726 -0.768584 -0.5179034 0 -0.841468 -0.5403069 0 -0.965116 -0.2618226 -0.279564 -0.9224818 -0.2662166 -0.2359894 -0.9682038 0.08300717 -0.4131762 -0.8977106 0.1529742 -0.5148503 0.8525738 -0.0897053 -0.6903339 -0.4159336 -0.5919783 -0.6613139 0.06231052 -0.7475168 -0.7217528 -0.6562909 -0.2198981 -0.9434174 0.01172856 -0.3313999 -0.9996543 -0.02621616 0.001996383 -0.7311316 -0.6816257 -0.02886209 -0.7892592 0.5882909 -0.1760222 -0.7780911 0.625787 0.05444982 -0.7471308 0.6343215 -0.1985743 -0.919158 0.3938886 -0.000490216 -0.2882452 0.9539524 0.08300325 -0.2866322 0.953961 -0.0883209 -0.2769183 0.9385808 0.2058699 -0.7814333 0.6005799 0.1693099 -0.2516717 0.8941469 0.370355 -0.7234032 0.4696609 0.5060697 -0.9833017 0.04273581 0.176894 -0.7788209 0.0003952382 0.6272461 -0.7619073 -0.6397622 0.1010035 -0.4837833 -0.7403682 0.4666998 -0.4168991 -0.6318928 0.6533809 -0.2425198 -0.8005269 0.5480336 -0.2802799 -0.1791837 0.9430464 -0.2399927 0.5012832 0.8313354 -0.1910561 0.5416828 0.8185825 -0.268697 0.9016221 0.3389387 0 0.9962359 0.0866835 0 0.9956938 -0.09270186 -0.2537129 0.9175994 -0.3060086 -0.6916386 0.4782504 -0.5412139 -0.5450945 0.02940255 0.8378589 -0.02222442 0.4478297 0.8938426 -0.8861694 -0.06893951 0.4582044 0 0.94153 -0.3369291 0 0.3253997 0.9455766 0.02222451 0.4478297 0.8938426 0.2537129 0.9175991 -0.3060094 0.5450948 0.02940255 0.8378587 0.6916386 0.4782504 -0.5412139 0.8861694 -0.06893954 0.4582042 0.2866322 0.9539608 -0.08832132 0.7892592 0.5882909 -0.1760222 0.2882452 0.9539524 0.0830036 0.7780911 0.6257872 0.0544498 0.9996543 -0.02621619 0.001996355 0.9434175 0.01172853 -0.3313997 0.7218082 -0.6562275 -0.2199053 0.7311946 -0.6815583 -0.02885851 0.74665 0.6349503 -0.1983734 0.9187214 0.3949061 -0.0004120826 0.2769182 0.9385808 0.20587 0.7814333 0.6005797 0.1693101 0.2516716 0.8941467 0.3703552 0.7234033 0.4696608 0.5060697 0.9833017 0.0427357 0.176894 0.7788212 0.0003951664 0.6272458 0.7619612 -0.639697 0.1010092 0.4838001 -0.7403426 0.4667231 0.417008 -0.6316181 0.6535771 0.2425271 -0.800499 0.5480711 0.2802799 -0.1791837 0.9430464 0.2399919 0.5012832 0.8313357 0.1910555 0.5416828 0.8185827 0.2686972 0.9016219 0.3389391 0 -0.3123061 0.9499816 -1.426457E-05 -0.8061485 0.5917132 2.356068E-05 -0.8954836 0.4450946 0.5413788 0.6873735 0.4841763 0.9665079 -0.1749202 0.1877912 -0.03874506 0.6466057 0.7618398 0 0.6799293 0.7332777 0.1789158 0.8995347 0.3985304 0.2720376 0.872945 0.4049229 0 0.9717438 0.2360384 -0.2720373 0.8729451 0.4049228 -0.2436529 0.9078756 0.3411672 -0.1789158 0.8995347 0.3985303 -0.05459582 0.9355018 0.3490784 -0.2948731 0.8470449 0.442227 0.03874497 0.6466057 0.7618398 -0.5413786 0.6873735 0.4841765 -0.9665077 -0.1749201 0.1877922 0.5141835 0.1244102 0.8486091 0 -0.3123061 0.9499816 -0.5141837 0.1244101 0.8486089 0 -0.3123061 0.9499816 -1.426457E-05 -0.8061485 0.5917132 2.356068E-05 -0.8954836 0.4450946 0 -0.9957419 0.0921853 -0.1052604 -0.9378973 0.3305583 0 -0.9805304 -0.1963676 -0.05727519 -0.9084705 -0.4140057 4.32047E-06 -0.9698214 -0.2438163 -0.7471308 0.6343215 -0.1985743 4.37564E-06 -0.9999706 -0.00768 -0.919158 0.3938886 -0.000490216 -0.1182081 0.7454716 0.6559717 -0.1251332 0.8142186 -0.5669126 -0.7471308 0.6343215 -0.1985743 -0.101456 -0.8376073 0.5367687 -0.07896392 -0.8849998 -0.4588466 -0.1251332 0.8142186 -0.5669126 -0.3964538 -0.7488617 0.5310655 -0.4686475 -0.4447469 0.7632625 -0.7372553 -0.5807365 -0.3452532 -0.4138469 -0.6879042 -0.5962537 -0.919158 0.3938886 -0.000490216 -0.04758618 -0.8902255 -0.4530277 0 -0.9751095 -0.2217238 -0.05714887 -0.929863 0.3634402 0 -0.9938139 0.1110582 2.356068E-05 -0.8954836 0.4450946 -0.4168991 -0.6318928 0.6533809 -0.01813767 -0.2224232 0.9747815 -0.04223957 -0.8462695 -0.5310778 -0.05730362 -0.8750939 0.4805487 -0.01813767 -0.2224232 0.9747815 -0.09924015 0.853744 -0.5111482 -0.383766 -0.8251916 0.4144665 -0.002460259 -0.5957343 0.8031778 -0.5287234 -0.7126254 -0.4611038 -0.3223459 -0.7657999 -0.5564562 0.07907487 -0.5585587 0.8256872 0.08235579 -0.5573066 0.8262123 -0.1303735 -0.9380879 0.3209267 0.01610352 -0.7825629 -0.6223633 0 -0.999824 -0.01876493 1.337123E-06 -0.8834832 -0.4684627 -0.7471308 0.6343215 -0.1985743 -0.5148503 0.8525738 -0.0897053 -0.1092316 -0.9632168 0.2455236 -0.2048557 0.6742052 0.7095643 0.07505357 -0.802032 -0.5925469 -0.5148503 0.8525738 -0.0897053 0.04317348 0.9024938 -0.4285335 -0.3770722 -0.9203129 0.1041183 -0.5145171 -0.8545499 0.07082799 -0.4074475 -0.6303785 -0.6607642 -0.1737429 -0.6923175 -0.7003641 2.744192E-06 -0.9722955 0.2337548 -0.5148503 0.8525738 -0.0897053 -0.5148503 0.8525738 -0.0897053 -0.1452353 -0.9704263 0.19282 1.330772E-07 -0.9973999 -0.07206599 -0.1434011 -0.826639 -0.5441545 1.389536E-05 -0.8626393 -0.5058196 -0.4131762 -0.8977106 0.1529742 1.683885E-05 -0.9773373 0.2116881 -0.2168459 0.5105768 0.8320392 -0.1961641 -0.9426302 0.2701255 0.03559205 -0.7152955 -0.6979152 0.09746855 0.9532756 -0.2859469 -0.5721086 -0.8171258 0.07068934 -0.7743387 -0.5971819 0.2092207 -0.2249624 -0.2068576 -0.9521564 -0.1989642 -0.5310829 -0.8236287 1.683885E-05 -0.9773373 0.2116881 -6.170607E-06 -0.9961324 0.08786581 0 -0.6155472 -0.7881 -0.5460286 0.2705432 -0.7928802 0 -0.6155472 -0.7881 -0.4219142 0.4670978 -0.7770509